%YAML:1.0
---
camera_image_width: 1920
camera_image_height: 1080
camera_matrix: !!opencv-matrix
   rows: 3
   cols: 3
   dt: d
   data: [ 1.1890887399999999e+03, 0., 9.7984753000000001e+02, 0.,
       1.1934476999999999e+03, 5.4375374999999997e+02, 0., 0., 1. ]
camera_distortion_coefficients: !!opencv-matrix
   rows: 5
   cols: 1
   dt: d
   data: [ -2.9635899999999998e-01, 7.3194999999999996e-02,
       -4.3899999999999999e-04, -2.1359999999999999e-03, 0. ]
lidar_camera_extrinsic: !!opencv-matrix
   rows: 4
   cols: 4
   dt: d
   data: [ 9.9931701907961634e-01, 3.6875015348403914e-02,
       -2.3934537565204125e-03, -1.8576020869765322e-03,
       2.6686642240648338e-03, -7.4159198908119173e-03,
       9.9996894069937603e-01, 5.0303470586393362e-01,
       3.6856120374895981e-02, -9.9929236831631407e-01,
       -7.5092619932415339e-03, -2.5548205948136449e-01, 0., 0., 0., 1. ]
